  En         U99          U75         U67          U50        U33         U25
1.0000E-09 6.15444E-08 5.77613E-08 4.41642E-08 3.99796E-08 5.18382E-08 5.19449E-08 
1.0600E-09 8.93211E-09 6.70929E-09 6.62136E-09 4.46968E-09 8.47253E-09 6.94179E-09
1.1200E-09 9.69178E-09 7.69218E-09 5.41073E-09 1.50831E-08 7.54135E-09 9.56112E-09
1.1900E-09 1.85104E-08 1.53381E-08 1.16197E-08 8.32421E-09 1.52004E-08 8.20150E-09
1.2600E-09 1.38958E-08 1.44845E-08 1.42960E-08 1.45483E-08 9.67320E-09 1.44500E-08
1.3300E-09 2.22828E-08 1.28980E-08 1.12085E-08 1.60154E-08 1.35933E-08 1.18203E-08
1.4100E-09 2.12073E-08 1.54329E-08 1.41119E-08 1.92087E-08 1.26027E-08 1.96484E-08
1.5000E-09 2.93491E-08 2.73160E-08 2.40900E-08 1.56022E-08 2.32334E-08 2.27161E-08
1.5800E-09 2.80059E-08 2.16916E-08 3.03224E-08 1.53516E-08 2.80456E-08 1.95453E-08
1.6800E-09 3.94315E-08 2.72806E-08 2.80463E-08 4.35358E-08 2.68693E-08 2.20776E-08
1.7800E-09 4.06192E-08 2.93304E-08 3.66824E-08 3.13516E-08 2.39200E-08 2.77831E-08
1.8800E-09 5.43120E-08 2.79665E-08 2.76528E-08 3.40805E-08 4.27679E-08 3.66286E-08
2.0000E-09 9.56135E-08 4.54211E-08 4.83729E-08 5.43746E-08 4.89335E-08 4.22356E-08
2.1100E-09 6.94293E-08 4.97261E-08 3.90024E-08 3.84770E-08 5.00722E-08 4.83831E-08
2.2400E-09 9.34130E-08 7.60031E-08 5.19016E-08 5.26209E-08 6.85410E-08 6.36265E-08
2.3700E-09 1.11384E-07 6.06727E-08 5.14325E-08 4.53188E-08 5.74370E-08 7.20337E-08
2.5100E-09 1.02916E-07 7.98154E-08 6.57835E-08 6.98101E-08 8.56550E-08 7.97957E-08
2.6600E-09 1.39563E-07 9.10866E-08 7.68233E-08 9.61894E-08 1.08984E-07 7.13378E-08
2.8200E-09 1.39575E-07 1.11943E-07 9.93596E-08 9.18563E-08 8.74988E-08 6.99406E-08
2.9900E-09 2.16297E-07 1.27033E-07 1.41961E-07 1.12117E-07 1.32092E-07 1.14393E-07
3.1600E-09 3.80221E-07 2.50786E-07 2.96402E-07 2.56310E-07 2.74655E-07 2.70406E-07
3.3500E-09 4.80372E-07 3.15119E-07 3.10000E-07 2.95185E-07 2.87579E-07 3.42155E-07
3.5500E-09 4.72469E-07 3.28112E-07 3.08407E-07 2.94408E-07 3.24796E-07 2.72645E-07
3.7600E-09 3.45257E-07 2.34926E-07 2.11701E-07 1.75450E-07 2.39040E-07 2.05949E-07
3.9800E-09 4.11587E-07 2.75191E-07 2.21436E-07 2.22574E-07 2.43833E-07 2.35179E-07
4.2200E-09 5.03388E-07 3.11333E-07 2.61405E-07 3.05598E-07 2.87771E-07 2.98670E-07
4.4700E-09 4.53660E-07 3.52521E-07 3.71889E-07 3.09937E-07 3.19894E-07 2.92819E-07
4.7300E-09 5.14064E-07 3.97699E-07 4.43722E-07 3.03384E-07 3.62376E-07 3.46589E-07
5.0100E-09 7.21447E-07 4.35629E-07 4.55390E-07 4.27617E-07 3.66229E-07 4.00926E-07
5.3100E-09 8.24534E-07 5.74589E-07 5.26638E-07 4.68468E-07 5.77177E-07 4.86738E-07
5.6200E-09 8.35944E-07 5.56581E-07 5.09948E-07 5.30102E-07 5.46898E-07 5.64352E-07
5.9600E-09 8.72559E-07 6.42346E-07 6.38270E-07 5.66596E-07 5.92017E-07 6.26489E-07
6.3100E-09 1.25296E-06 9.01753E-07 8.09109E-07 8.48952E-07 8.09824E-07 8.22408E-07
6.6800E-09 1.20964E-06 8.18138E-07 7.37212E-07 8.26449E-07 7.50246E-07 8.23055E-07
7.0800E-09 1.54312E-06 1.00745E-06 1.00000E-06 8.77683E-07 9.58031E-07 9.11285E-07
7.5000E-09 1.60525E-06 1.11601E-06 1.02194E-06 9.34202E-07 9.64236E-07 9.63594E-07
7.9400E-09 1.95523E-06 1.33500E-06 1.27044E-06 1.17466E-06 1.16993E-06 1.12337E-06
8.4100E-09 2.14559E-06 1.50803E-06 1.42414E-06 1.28027E-06 1.36773E-06 1.37986E-06
8.9100E-09 2.28094E-06 1.67990E-06 1.66694E-06 1.57063E-06 1.66118E-06 1.69998E-06
9.4400E-09 2.86310E-06 2.03185E-06 2.11370E-06 1.73821E-06 1.96374E-06 1.98519E-06
1.0000E-08 3.61359E-06 2.50184E-06 2.38318E-06 2.07068E-06 2.20197E-06 2.23623E-06
1.0600E-08 6.34887E-06 4.35555E-06 4.19637E-06 3.86852E-06 4.14663E-06 3.95448E-06
1.1200E-08 4.34392E-06 2.83803E-06 2.94391E-06 2.64010E-06 2.69513E-06 2.70836E-06
1.1900E-08 5.32915E-06 3.70404E-06 3.85146E-06 3.30258E-06 3.31595E-06 3.32737E-06
1.2600E-08 5.63186E-06 3.76769E-06 3.88438E-06 3.50638E-06 3.48108E-06 3.56764E-06
1.3300E-08 5.72243E-06 4.09019E-06 3.95697E-06 3.56839E-06 3.86517E-06 3.78037E-06
1.4100E-08 6.82678E-06 4.82541E-06 4.91804E-06 4.30499E-06 4.29520E-06 4.45665E-06
1.5000E-08 8.20389E-06 5.89279E-06 5.78744E-06 5.21473E-06 5.41640E-06 5.61817E-06
1.5800E-08 7.54462E-06 5.42860E-06 5.28637E-06 4.95038E-06 5.14501E-06 5.04861E-06
1.6800E-08 1.03472E-05 7.18350E-06 7.15309E-06 6.67759E-06 6.79385E-06 6.41594E-06
1.7800E-08 1.08875E-05 7.83597E-06 7.19138E-06 7.28799E-06 7.23360E-06 7.52560E-06
1.8800E-08 1.26081E-05 8.73597E-06 8.30545E-06 7.62152E-06 8.31706E-06 8.09202E-06
2.0000E-08 1.59681E-05 1.10384E-05 1.09508E-05 9.71855E-06 1.01926E-05 1.01509E-05
2.1100E-08 1.66318E-05 1.11825E-05 1.12741E-05 9.59628E-06 1.00998E-05 1.04208E-05
2.2400E-08 2.04148E-05 1.48015E-05 1.40218E-05 1.34906E-05 1.36076E-05 1.35258E-05
2.3700E-08 1.90971E-05 1.36795E-05 1.35448E-05 1.23358E-05 1.29396E-05 1.35306E-05
2.5100E-08 2.24165E-05 1.54455E-05 1.47421E-05 1.38218E-05 1.45916E-05 1.41146E-05
2.6600E-08 2.36596E-05 1.71512E-05 1.65760E-05 1.53432E-05 1.58558E-05 1.60118E-05
2.8200E-08 2.62593E-05 1.86057E-05 1.86580E-05 1.64321E-05 1.71837E-05 1.69367E-05
2.9900E-08 2.93489E-05 2.08831E-05 1.99969E-05 1.88986E-05 1.89471E-05 1.87477E-05
3.1600E-08 3.01935E-05 2.12713E-05 2.03137E-05 1.91362E-05 1.96789E-05 2.01194E-05
3.3500E-08 3.43431E-05 2.40706E-05 2.36739E-05 2.16658E-05 2.27617E-05 2.26976E-05
3.5500E-08 3.97095E-05 2.72130E-05 2.64714E-05 2.43511E-05 2.53096E-05 2.51140E-05
3.7600E-08 4.24320E-05 2.96370E-05 2.87990E-05 2.65481E-05 2.79266E-05 2.74926E-05
3.9800E-08 4.36107E-05 3.10079E-05 3.03053E-05 2.83534E-05 2.85671E-05 2.84752E-05
4.2200E-08 4.77555E-05 3.40047E-05 3.31844E-05 3.04824E-05 3.27025E-05 3.04678E-05
4.4700E-08 5.14435E-05 3.70301E-05 3.63821E-05 3.35627E-05 3.50572E-05 3.44171E-05
4.7300E-08 5.47842E-05 3.89239E-05 3.87960E-05 3.54381E-05 3.66130E-05 3.60563E-05
5.0100E-08 5.83721E-05 4.07112E-05 3.97074E-05 3.70357E-05 3.85576E-05 3.90164E-05
5.3100E-08 5.99908E-05 4.30472E-05 4.21211E-05 3.98971E-05 4.16582E-05 4.08889E-05
5.6200E-08 6.28796E-05 4.43347E-05 4.33992E-05 3.96541E-05 4.15945E-05 4.17662E-05
5.9600E-08 6.80859E-05 4.75412E-05 4.62761E-05 4.27153E-05 4.47593E-05 4.48337E-05
6.3100E-08 6.89502E-05 4.80200E-05 4.63486E-05 4.37682E-05 4.42227E-05 4.55277E-05
6.6800E-08 7.00076E-05 4.96541E-05 4.77284E-05 4.46835E-05 4.70743E-05 4.65872E-05
7.0800E-08 7.45107E-05 5.25494E-05 5.07904E-05 4.71688E-05 4.77932E-05 4.86345E-05
7.5000E-08 7.79410E-05 5.50060E-05 5.42578E-05 4.96638E-05 5.13494E-05 5.15704E-05
7.9400E-08 8.26394E-05 5.80954E-05 5.67537E-05 5.10289E-05 5.42610E-05 5.37609E-05
8.4100E-08 8.14806E-05 5.71992E-05 5.51927E-05 5.22708E-05 5.36995E-05 5.41472E-05
8.9100E-08 8.30439E-05 5.73287E-05 5.53697E-05 5.11993E-05 5.37279E-05 5.29652E-05
9.4400E-08 8.18981E-05 5.66287E-05 5.60471E-05 5.02869E-05 5.34570E-05 5.34635E-05
1.0000E-07 8.23041E-05 5.62459E-05 5.60921E-05 5.11239E-05 5.28298E-05 5.19944E-05
1.0600E-07 8.28057E-05 5.74142E-05 5.56698E-05 5.18300E-05 5.35495E-05 5.31244E-05
1.1200E-07 7.79589E-05 5.43999E-05 5.41433E-05 4.73864E-05 5.15193E-05 5.21824E-05
1.1900E-07 8.72351E-05 5.97235E-05 5.89667E-05 5.36054E-05 5.67838E-05 5.52716E-05
1.2600E-07 8.45772E-05 5.79748E-05 5.58498E-05 5.08629E-05 5.50087E-05 5.54552E-05
1.3300E-07 7.74509E-05 5.29217E-05 5.13689E-05 4.67521E-05 5.02340E-05 5.00696E-05
1.4100E-07 8.32841E-05 5.69484E-05 5.61710E-05 5.05656E-05 5.32112E-05 5.28141E-05
1.5000E-07 8.74369E-05 5.96295E-05 5.73356E-05 5.20976E-05 5.56426E-05 5.54629E-05
1.5800E-07 7.50187E-05 5.01095E-05 4.91198E-05 4.59209E-05 4.74158E-05 4.74798E-05
1.6800E-07 8.92403E-05 5.81906E-05 5.77790E-05 5.26392E-05 5.64761E-05 5.54869E-05
1.7800E-07 8.18142E-05 5.45846E-05 5.26828E-05 4.87372E-05 5.27528E-05 5.14732E-05
1.8800E-07 7.70384E-05 5.13050E-05 5.10714E-05 4.66491E-05 4.93281E-05 4.92656E-05
2.0000E-07 8.74789E-05 5.81382E-05 5.62285E-05 5.12719E-05 5.53803E-05 5.48131E-05
2.1100E-07 7.58631E-05 5.08385E-05 4.99616E-05 4.46198E-05 4.79683E-05 4.79058E-05
2.2400E-07 8.62731E-05 5.69433E-05 5.57989E-05 4.99004E-05 5.31919E-05 5.42693E-05
2.3700E-07 8.31788E-05 5.41360E-05 5.24654E-05 4.85821E-05 5.19693E-05 5.10304E-05
2.5100E-07 8.35917E-05 5.45336E-05 5.40237E-05 4.82608E-05 5.11434E-05 5.22282E-05
2.6600E-07 8.46331E-05 5.49573E-05 5.23857E-05 4.94730E-05 5.14242E-05 5.23777E-05
2.8200E-07 8.72076E-05 5.66283E-05 5.52148E-05 5.11101E-05 5.50314E-05 5.44834E-05
2.9900E-07 9.15332E-05 5.90751E-05 5.77396E-05 5.28402E-05 5.65799E-05 5.74487E-05
3.1600E-07 9.15701E-05 5.89280E-05 5.83085E-05 5.24536E-05 5.60736E-05 5.58537E-05
3.3500E-07 1.01251E-04 6.68799E-05 6.57016E-05 5.88026E-05 6.48672E-05 6.64616E-05
3.5500E-07 1.08391E-04 7.20273E-05 7.07681E-05 6.55363E-05 6.94071E-05 6.99210E-05
3.7600E-07 1.17161E-04 7.69198E-05 7.46012E-05 6.95435E-05 7.47510E-05 7.50812E-05
3.9800E-07 1.23827E-04 8.39381E-05 8.08539E-05 7.71426E-05 8.11321E-05 8.36904E-05
4.2200E-07 1.32806E-04 9.26665E-05 8.89180E-05 8.73779E-05 9.00552E-05 9.21280E-05
4.4700E-07 1.40615E-04 9.74032E-05 9.53100E-05 8.97593E-05 9.42530E-05 9.59108E-05
4.7300E-07 1.44033E-04 1.00248E-04 9.80830E-05 9.09979E-05 9.82653E-05 9.99147E-05
5.0100E-07 1.51915E-04 1.05852E-04 1.02767E-04 9.55574E-05 1.02905E-04 1.04687E-04
5.3100E-07 1.59261E-04 1.11761E-04 1.10354E-04 1.02175E-04 1.08218E-04 1.11700E-04
5.6200E-07 1.61003E-04 1.12765E-04 1.09173E-04 1.04239E-04 1.08373E-04 1.11581E-04
5.9600E-07 1.68845E-04 1.20575E-04 1.19823E-04 1.11100E-04 1.17964E-04 1.21143E-04
6.3100E-07 1.68223E-04 1.20835E-04 1.19338E-04 1.10557E-04 1.18381E-04 1.21991E-04
6.6800E-07 1.71575E-04 1.24172E-04 1.23103E-04 1.15736E-04 1.24245E-04 1.26060E-04
7.0800E-07 1.81533E-04 1.29753E-04 1.27501E-04 1.21157E-04 1.29527E-04 1.31790E-04
7.5000E-07 1.77823E-04 1.29439E-04 1.26242E-04 1.21201E-04 1.28735E-04 1.32178E-04
7.9400E-07 1.74291E-04 1.28167E-04 1.26140E-04 1.21448E-04 1.26129E-04 1.29453E-04
8.4100E-07 1.78861E-04 1.30776E-04 1.27174E-04 1.22214E-04 1.30788E-04 1.32932E-04
8.9100E-07 1.81796E-04 1.34216E-04 1.31020E-04 1.22215E-04 1.32893E-04 1.34806E-04
9.4400E-07 1.85313E-04 1.34283E-04 1.32235E-04 1.25116E-04 1.34126E-04 1.35103E-04
1.0000E-06 1.84793E-04 1.34300E-04 1.32563E-04 1.24311E-04 1.32337E-04 1.37997E-04
1.0600E-06 1.78198E-04 1.27470E-04 1.25297E-04 1.17284E-04 1.27083E-04 1.29371E-04
1.1200E-06 1.60161E-04 1.13433E-04 1.12096E-04 1.06787E-04 1.12198E-04 1.18914E-04
1.1900E-06 1.89862E-04 1.34311E-04 1.33498E-04 1.26562E-04 1.34684E-04 1.41492E-04
1.2600E-06 2.14316E-04 1.58030E-04 1.57944E-04 1.50146E-04 1.59173E-04 1.67824E-04
1.3300E-06 2.18809E-04 1.64443E-04 1.62780E-04 1.57293E-04 1.68416E-04 1.71648E-04
1.4100E-06 2.47095E-04 1.89067E-04 1.85419E-04 1.80012E-04 1.89917E-04 1.97559E-04
1.5000E-06 2.68413E-04 2.05268E-04 2.04323E-04 1.93901E-04 2.06185E-04 2.14089E-04
1.5800E-06 2.21797E-04 1.71162E-04 1.69141E-04 1.64127E-04 1.72907E-04 1.78363E-04
1.6800E-06 2.68270E-04 2.03648E-04 1.98419E-04 1.95500E-04 2.10168E-04 2.12142E-04
1.7800E-06 2.50609E-04 1.94486E-04 1.92373E-04 1.83343E-04 2.01082E-04 2.04733E-04
1.8800E-06 2.36422E-04 1.81737E-04 1.77915E-04 1.74775E-04 1.84846E-04 1.90544E-04
2.0000E-06 2.61723E-04 1.99994E-04 1.97757E-04 1.90319E-04 2.02743E-04 2.11863E-04
2.1100E-06 2.14570E-04 1.58310E-04 1.56352E-04 1.50438E-04 1.62094E-04 1.66566E-04
2.2400E-06 2.68099E-04 2.05684E-04 2.01476E-04 1.97433E-04 2.09640E-04 2.16269E-04
2.3700E-06 2.52739E-04 1.95924E-04 1.98406E-04 1.87827E-04 2.00858E-04 2.06238E-04
2.5100E-06 2.55776E-04 1.97940E-04 1.95610E-04 1.90350E-04 2.05792E-04 2.10403E-04
2.6600E-06 2.63322E-04 2.00110E-04 1.99531E-04 1.93124E-04 2.06521E-04 2.13574E-04
2.8200E-06 2.55095E-04 1.97294E-04 1.94768E-04 1.86675E-04 2.04477E-04 2.05604E-04
2.9900E-06 2.52187E-04 1.90708E-04 1.88711E-04 1.82126E-04 1.96055E-04 2.01630E-04
3.1600E-06 2.20409E-04 1.68903E-04 1.67601E-04 1.57118E-04 1.73299E-04 1.78856E-04
3.3500E-06 2.45642E-04 1.86500E-04 1.87471E-04 1.79510E-04 1.94683E-04 2.02097E-04
3.5500E-06 2.43214E-04 1.85492E-04 1.81037E-04 1.78055E-04 1.89670E-04 1.94422E-04
3.7600E-06 2.21290E-04 1.66066E-04 1.65418E-04 1.58149E-04 1.70466E-04 1.75795E-04
3.9800E-06 2.62960E-04 2.10297E-04 2.07896E-04 2.03014E-04 2.16944E-04 2.25575E-04
4.2200E-06 2.67286E-04 2.12429E-04 2.12019E-04 2.07711E-04 2.22607E-04 2.33107E-04
4.4700E-06 2.52425E-04 2.01515E-04 1.97541E-04 2.01569E-04 2.14630E-04 2.25021E-04
4.7300E-06 2.34540E-04 1.89089E-04 1.85307E-04 1.84625E-04 2.01395E-04 2.04088E-04
5.0100E-06 1.97165E-04 1.54273E-04 1.49637E-04 1.49948E-04 1.63849E-04 1.74315E-04
5.3100E-06 2.27848E-04 1.85030E-04 1.84634E-04 1.83353E-04 1.96917E-04 2.11225E-04
5.6200E-06 2.05459E-04 1.64928E-04 1.66015E-04 1.69220E-04 1.82351E-04 1.93491E-04
5.9600E-06 1.95739E-04 1.63462E-04 1.64418E-04 1.66216E-04 1.86241E-04 1.97205E-04
6.3100E-06 1.46846E-04 1.23423E-04 1.24667E-04 1.29358E-04 1.49142E-04 1.60134E-04
6.6800E-06 3.82726E-05 3.33558E-05 3.53307E-05 4.04822E-05 5.28449E-05 6.26024E-05
7.0800E-06 7.17684E-05 6.44398E-05 6.99970E-05 7.73172E-05 1.01934E-04 1.20059E-04
7.5000E-06 2.30747E-04 1.88812E-04 1.89519E-04 1.93572E-04 2.10505E-04 2.21031E-04
7.9400E-06 2.92718E-04 2.31411E-04 2.31554E-04 2.25237E-04 2.42132E-04 2.45139E-04
8.4100E-06 3.07257E-04 2.35607E-04 2.36168E-04 2.25736E-04 2.36542E-04 2.39751E-04
8.9100E-06 1.85748E-04 1.31407E-04 1.28089E-04 1.20206E-04 1.26300E-04 1.29783E-04
9.4400E-06 2.68007E-04 1.92120E-04 1.89751E-04 1.76870E-04 1.91211E-04 1.93014E-04
1.0000E-05 3.40664E-04 2.55041E-04 2.53615E-04 2.40862E-04 2.54802E-04 2.60809E-04
1.0600E-05 3.42667E-04 2.63931E-04 2.59104E-04 2.49719E-04 2.63578E-04 2.67371E-04
1.1200E-05 3.45289E-04 2.66992E-04 2.57602E-04 2.52861E-04 2.59383E-04 2.65691E-04
1.1900E-05 3.05273E-04 2.24118E-04 2.18729E-04 2.08118E-04 2.17737E-04 2.23855E-04
1.2600E-05 2.57192E-04 1.87525E-04 1.80458E-04 1.75787E-04 1.83008E-04 1.86540E-04
1.3300E-05 3.50862E-04 2.66631E-04 2.61342E-04 2.52655E-04 2.64259E-04 2.72311E-04
1.4100E-05 3.54329E-04 2.66200E-04 2.64700E-04 2.47756E-04 2.59271E-04 2.68381E-04
1.5000E-05 3.99318E-04 3.03518E-04 3.00218E-04 2.85997E-04 2.99219E-04 3.08421E-04
1.5800E-05 3.33694E-04 2.52362E-04 2.44808E-04 2.37088E-04 2.52218E-04 2.58419E-04
1.6800E-05 3.51917E-04 2.70497E-04 2.67600E-04 2.57138E-04 2.70116E-04 2.77799E-04
1.7800E-05 3.72556E-04 2.90661E-04 2.86219E-04 2.77957E-04 2.93560E-04 3.01842E-04
1.8800E-05 3.17326E-04 2.38554E-04 2.37964E-04 2.26024E-04 2.36031E-04 2.45458E-04
2.0000E-05 2.65709E-04 1.97525E-04 1.95164E-04 1.87511E-04 2.03026E-04 2.16293E-04
2.1100E-05 1.23716E-04 1.05652E-04 1.07362E-04 1.14817E-04 1.37427E-04 1.53452E-04
2.2400E-05 3.17821E-04 1.75658E-04 1.66772E-04 1.55378E-04 1.59372E-04 1.63612E-04
2.3700E-05 3.56565E-04 1.97900E-04 1.86625E-04 1.68611E-04 1.67260E-04 1.67270E-04
2.5100E-05 4.53533E-04 3.33160E-04 3.22846E-04 3.04311E-04 3.12374E-04 3.13446E-04
2.6600E-05 4.65654E-04 3.61515E-04 3.57200E-04 3.42513E-04 3.56336E-04 3.68425E-04
2.8200E-05 4.81207E-04 3.77453E-04 3.72442E-04 3.62705E-04 3.78101E-04 3.89675E-04
2.9900E-05 5.04718E-04 4.08389E-04 4.01642E-04 3.96757E-04 4.15489E-04 4.30206E-04
3.1600E-05 4.47020E-04 3.63152E-04 3.62227E-04 3.51473E-04 3.75629E-04 3.82620E-04
3.3500E-05 4.37826E-04 3.51079E-04 3.45471E-04 3.35307E-04 3.56598E-04 3.66865E-04
3.5500E-05 3.26814E-04 2.52128E-04 2.50456E-04 2.37509E-04 2.58071E-04 2.66964E-04
3.7600E-05 2.21584E-04 2.00405E-04 2.07380E-04 2.27160E-04 2.73334E-04 3.11726E-04
3.9800E-05 4.46146E-04 3.67965E-04 3.68559E-04 3.65299E-04 3.97398E-04 4.12275E-04
4.2200E-05 5.58758E-04 4.42246E-04 4.33473E-04 4.17074E-04 4.40349E-04 4.48001E-04
4.4700E-05 5.90599E-04 4.57434E-04 4.50162E-04 4.26903E-04 4.47529E-04 4.55312E-04
4.7300E-05 5.93724E-04 4.66210E-04 4.56760E-04 4.41809E-04 4.46427E-04 4.60836E-04
5.0100E-05 5.91582E-04 4.54407E-04 4.39783E-04 4.24017E-04 4.38975E-04 4.39741E-04
5.3100E-05 5.67880E-04 4.36989E-04 4.29501E-04 4.08820E-04 4.25055E-04 4.28431E-04
5.6200E-05 5.76043E-04 4.44315E-04 4.35984E-04 4.21077E-04 4.34182E-04 4.42398E-04
5.9600E-05 6.14092E-04 4.27398E-04 4.14754E-04 3.91575E-04 3.97243E-04 4.01370E-04
6.3100E-05 6.87403E-04 5.33659E-04 5.22130E-04 5.01625E-04 5.11500E-04 5.25352E-04
6.6800E-05 5.18798E-04 4.37810E-04 4.39377E-04 4.38696E-04 4.67179E-04 4.87664E-04
7.0800E-05 6.47996E-04 4.57676E-04 4.43346E-04 4.19107E-04 4.28340E-04 4.33596E-04
7.5000E-05 7.18748E-04 5.78913E-04 5.70015E-04 5.45908E-04 5.54245E-04 5.60818E-04
7.9400E-05 7.62526E-04 6.26295E-04 6.20798E-04 5.97488E-04 6.18480E-04 6.31588E-04
8.4100E-05 6.49468E-04 5.43740E-04 5.39558E-04 5.27541E-04 5.62701E-04 5.83740E-04
8.9100E-05 7.66288E-04 6.37109E-04 6.29360E-04 6.03061E-04 6.23886E-04 6.32102E-04
9.4400E-05 7.28896E-04 5.98392E-04 5.87629E-04 5.73825E-04 5.89548E-04 5.97322E-04
1.0000E-04 8.06273E-04 6.73703E-04 6.68571E-04 6.47402E-04 6.73404E-04 6.83700E-04
1.0600E-04 6.66701E-04 5.62842E-04 5.59967E-04 5.51646E-04 5.85468E-04 6.08762E-04
1.1200E-04 7.77471E-04 6.44168E-04 6.38622E-04 6.12343E-04 6.32142E-04 6.43461E-04
1.1900E-04 7.72958E-04 5.90392E-04 5.77391E-04 5.56207E-04 5.67304E-04 5.83447E-04
1.2600E-04 8.44618E-04 6.40795E-04 6.26967E-04 5.96358E-04 5.99783E-04 6.10208E-04
1.3300E-04 8.29872E-04 6.55488E-04 6.40783E-04 6.03233E-04 6.16942E-04 6.18366E-04
1.4100E-04 9.15963E-04 7.70730E-04 7.55343E-04 7.36353E-04 7.51903E-04 7.60720E-04
1.5000E-04 9.68170E-04 8.22318E-04 8.17836E-04 7.90620E-04 8.12579E-04 8.26105E-04
1.5800E-04 8.38025E-04 7.10333E-04 6.92796E-04 6.75400E-04 6.86976E-04 6.94781E-04
1.6800E-04 9.34529E-04 8.07455E-04 7.95519E-04 7.83583E-04 8.02829E-04 8.20735E-04
1.7800E-04 9.30824E-04 7.36042E-04 7.20194E-04 6.84815E-04 6.95681E-04 7.08409E-04
1.8800E-04 1.09975E-03 9.18128E-04 8.94819E-04 8.60591E-04 8.50746E-04 8.45933E-04
2.0000E-04 7.93838E-04 6.44055E-04 6.39448E-04 6.29117E-04 6.66479E-04 6.95292E-04
2.1100E-04 8.63749E-04 7.40136E-04 7.39331E-04 7.12298E-04 7.36429E-04 7.59767E-04
2.2400E-04 1.03040E-03 8.56419E-04 8.48976E-04 8.19689E-04 8.29032E-04 8.44219E-04
2.3700E-04 1.01848E-03 8.73987E-04 8.62426E-04 8.36730E-04 8.51112E-04 8.49336E-04
2.5100E-04 9.64136E-04 8.60528E-04 8.56191E-04 8.47173E-04 8.71796E-04 8.92911E-04
2.6600E-04 1.05768E-03 8.39372E-04 8.15763E-04 7.82342E-04 7.81272E-04 7.92508E-04
2.8200E-04 1.07838E-03 9.51676E-04 9.39329E-04 9.19291E-04 9.35793E-04 9.58408E-04
2.9900E-04 1.03829E-03 8.82483E-04 8.65926E-04 8.40342E-04 8.53217E-04 8.70279E-04
3.1600E-04 1.04420E-03 9.02953E-04 8.90540E-04 8.64833E-04 8.66385E-04 8.81968E-04
3.3500E-04 1.15758E-03 1.00122E-03 9.92838E-04 9.55019E-04 9.63646E-04 9.73821E-04
3.5500E-04 1.14501E-03 9.90417E-04 9.77984E-04 9.48506E-04 9.57242E-04 9.77316E-04
3.7600E-04 1.19041E-03 1.02808E-03 1.01178E-03 9.83326E-04 9.85903E-04 9.87384E-04
3.9800E-04 1.16009E-03 1.05387E-03 1.04951E-03 1.02170E-03 1.04845E-03 1.06020E-03
4.2200E-04 1.20328E-03 1.07298E-03 1.05429E-03 1.04267E-03 1.05437E-03 1.06818E-03
4.4700E-04 1.19567E-03 1.08345E-03 1.07151E-03 1.05901E-03 1.08008E-03 1.09241E-03
4.7300E-04 1.18145E-03 1.07290E-03 1.06766E-03 1.04504E-03 1.06191E-03 1.06686E-03
5.0100E-04 1.22314E-03 1.09526E-03 1.08418E-03 1.06486E-03 1.08742E-03 1.09676E-03
5.3100E-04 1.25467E-03 1.11615E-03 1.10832E-03 1.07287E-03 1.08118E-03 1.09047E-03
5.6200E-04 1.22497E-03 1.11238E-03 1.10051E-03 1.09381E-03 1.10632E-03 1.11987E-03
5.9600E-04 1.30203E-03 1.15604E-03 1.13756E-03 1.10840E-03 1.12336E-03 1.13407E-03
6.3100E-04 1.22738E-03 1.12592E-03 1.11670E-03 1.10181E-03 1.12581E-03 1.13581E-03
6.6800E-04 1.36792E-03 1.23675E-03 1.22260E-03 1.19617E-03 1.19917E-03 1.21083E-03
7.0800E-04 1.25946E-03 1.12437E-03 1.11216E-03 1.08598E-03 1.10097E-03 1.11521E-03
7.5000E-04 1.31551E-03 1.19922E-03 1.19978E-03 1.17484E-03 1.19130E-03 1.19908E-03
7.9400E-04 1.32623E-03 1.23136E-03 1.22313E-03 1.21000E-03 1.21614E-03 1.22203E-03
8.4100E-04 1.39300E-03 1.28801E-03 1.27670E-03 1.27030E-03 1.27911E-03 1.28792E-03
8.9100E-04 1.35910E-03 1.24797E-03 1.24330E-03 1.23014E-03 1.22718E-03 1.24909E-03
9.4400E-04 1.37077E-03 1.28200E-03 1.27395E-03 1.26702E-03 1.27835E-03 1.29768E-03
1.0000E-03 1.45529E-03 1.34211E-03 1.32108E-03 1.29890E-03 1.28878E-03 1.30107E-03
1.0600E-03 1.41767E-03 1.32144E-03 1.31153E-03 1.28709E-03 1.30630E-03 1.32448E-03
1.1200E-03 1.34198E-03 1.26104E-03 1.25036E-03 1.23520E-03 1.25410E-03 1.25751E-03
1.1900E-03 1.56063E-03 1.45314E-03 1.43859E-03 1.42202E-03 1.42214E-03 1.43323E-03
1.2600E-03 1.46467E-03 1.36629E-03 1.36106E-03 1.33907E-03 1.34880E-03 1.36013E-03
1.3300E-03 1.36964E-03 1.29396E-03 1.28847E-03 1.27874E-03 1.28235E-03 1.29361E-03
1.4100E-03 1.55303E-03 1.44901E-03 1.44261E-03 1.41654E-03 1.41735E-03 1.42026E-03
1.5000E-03 1.73174E-03 1.64230E-03 1.63670E-03 1.61177E-03 1.62253E-03 1.64662E-03
1.5800E-03 1.29871E-03 1.24529E-03 1.22981E-03 1.22823E-03 1.23676E-03 1.23813E-03
1.6800E-03 1.65569E-03 1.52751E-03 1.50393E-03 1.48094E-03 1.48206E-03 1.48820E-03
1.7800E-03 1.64370E-03 1.53664E-03 1.52460E-03 1.49498E-03 1.48904E-03 1.49559E-03
1.8800E-03 1.39965E-03 1.33442E-03 1.33100E-03 1.32949E-03 1.35019E-03 1.37242E-03
2.0000E-03 1.72322E-03 1.63775E-03 1.62556E-03 1.60291E-03 1.60778E-03 1.63099E-03
2.1100E-03 1.45776E-03 1.40691E-03 1.41323E-03 1.39975E-03 1.41111E-03 1.42298E-03
2.2400E-03 1.74029E-03 1.63759E-03 1.63777E-03 1.59995E-03 1.61143E-03 1.61077E-03
2.3700E-03 1.51879E-03 1.46660E-03 1.45059E-03 1.45167E-03 1.46665E-03 1.49140E-03
2.5100E-03 1.61444E-03 1.57985E-03 1.58066E-03 1.57287E-03 1.59318E-03 1.60414E-03
2.6600E-03 1.99370E-03 1.88636E-03 1.87372E-03 1.83912E-03 1.84659E-03 1.86115E-03
2.8200E-03 1.31760E-03 1.25810E-03 1.26025E-03 1.24360E-03 1.24948E-03 1.26218E-03
2.9900E-03 1.71096E-03 1.64795E-03 1.64815E-03 1.61826E-03 1.62476E-03 1.63863E-03
3.1600E-03 1.62707E-03 1.56755E-03 1.55356E-03 1.55572E-03 1.55898E-03 1.55943E-03
3.3500E-03 1.70663E-03 1.65454E-03 1.64567E-03 1.63909E-03 1.64863E-03 1.67055E-03
3.5500E-03 1.74588E-03 1.69745E-03 1.69353E-03 1.67081E-03 1.67588E-03 1.67469E-03
3.7600E-03 1.86145E-03 1.80802E-03 1.79988E-03 1.78247E-03 1.78497E-03 1.80591E-03
3.9800E-03 1.59673E-03 1.55556E-03 1.55727E-03 1.54539E-03 1.55761E-03 1.57454E-03
4.2200E-03 1.72583E-03 1.67684E-03 1.67973E-03 1.66474E-03 1.66015E-03 1.66797E-03
4.4700E-03 1.81548E-03 1.76186E-03 1.75736E-03 1.73682E-03 1.74504E-03 1.75810E-03
4.7300E-03 1.73101E-03 1.68129E-03 1.67321E-03 1.66599E-03 1.65667E-03 1.67592E-03
5.0100E-03 1.79449E-03 1.74774E-03 1.73539E-03 1.73750E-03 1.74047E-03 1.72604E-03
5.3100E-03 1.85181E-03 1.81204E-03 1.80810E-03 1.80183E-03 1.80270E-03 1.81968E-03
5.6200E-03 1.85872E-03 1.80582E-03 1.80600E-03 1.79374E-03 1.78684E-03 1.78845E-03
5.9600E-03 1.77530E-03 1.74285E-03 1.74868E-03 1.76011E-03 1.75724E-03 1.76804E-03
6.3100E-03 1.81359E-03 1.77550E-03 1.77327E-03 1.76622E-03 1.77435E-03 1.79023E-03
6.6800E-03 2.04545E-03 1.99643E-03 2.00399E-03 2.00159E-03 1.99481E-03 2.01179E-03
7.0800E-03 1.75045E-03 1.71378E-03 1.71386E-03 1.71302E-03 1.72668E-03 1.72309E-03
7.5000E-03 1.81837E-03 1.78305E-03 1.77621E-03 1.76271E-03 1.77655E-03 1.78290E-03
7.9400E-03 1.84568E-03 1.81467E-03 1.80700E-03 1.80949E-03 1.82633E-03 1.83315E-03
8.4100E-03 1.93905E-03 1.88945E-03 1.88897E-03 1.87829E-03 1.87983E-03 1.88340E-03
8.9100E-03 1.93377E-03 1.89449E-03 1.89999E-03 1.89314E-03 1.89760E-03 1.91153E-03
9.4400E-03 1.93227E-03 1.89941E-03 1.90724E-03 1.88657E-03 1.90984E-03 1.92322E-03
1.0000E-02 1.95109E-03 1.92927E-03 1.92899E-03 1.92279E-03 1.93226E-03 1.93641E-03
1.0600E-02 1.97163E-03 1.94424E-03 1.94023E-03 1.94988E-03 1.95193E-03 1.95188E-03
1.1200E-02 1.88416E-03 1.85459E-03 1.85648E-03 1.84504E-03 1.86752E-03 1.86907E-03
1.1900E-02 2.09098E-03 2.07110E-03 2.06565E-03 2.06193E-03 2.07687E-03 2.08635E-03
1.2600E-02 1.93536E-03 1.91526E-03 1.92206E-03 1.91828E-03 1.92196E-03 1.94163E-03
1.3300E-02 2.07476E-03 2.03795E-03 2.05104E-03 2.04359E-03 2.04810E-03 2.06490E-03
1.4100E-02 1.88433E-03 1.85327E-03 1.86115E-03 1.85304E-03 1.86394E-03 1.87630E-03
1.5000E-02 2.15730E-03 2.12211E-03 2.12748E-03 2.12608E-03 2.14312E-03 2.15297E-03
1.5800E-02 1.80489E-03 1.78619E-03 1.78498E-03 1.79101E-03 1.79589E-03 1.81358E-03
1.6800E-02 2.33563E-03 2.32594E-03 2.32363E-03 2.32694E-03 2.32079E-03 2.34725E-03
1.7800E-02 1.97665E-03 1.95253E-03 1.95618E-03 1.95532E-03 1.96136E-03 1.96693E-03
1.8800E-02 1.94089E-03 1.90575E-03 1.91457E-03 1.92111E-03 1.91294E-03 1.93573E-03
2.0000E-02 2.18844E-03 2.15051E-03 2.16111E-03 2.15288E-03 2.15634E-03 2.17175E-03
2.1100E-02 1.90282E-03 1.88748E-03 1.89507E-03 1.88802E-03 1.89314E-03 1.90972E-03
2.2400E-02 2.18242E-03 2.16242E-03 2.17293E-03 2.16296E-03 2.17017E-03 2.18127E-03
2.3700E-02 2.06959E-03 2.05596E-03 2.06174E-03 2.05614E-03 2.05808E-03 2.08178E-03
2.5100E-02 2.07396E-03 2.05851E-03 2.05873E-03 2.05688E-03 2.06721E-03 2.07638E-03
2.6600E-02 2.15193E-03 2.12855E-03 2.13747E-03 2.13263E-03 2.14598E-03 2.15182E-03
2.8200E-02 2.16668E-03 2.14249E-03 2.14561E-03 2.13590E-03 2.15638E-03 2.15349E-03
2.9900E-02 2.19284E-03 2.17600E-03 2.17582E-03 2.17061E-03 2.19022E-03 2.19622E-03
3.1600E-02 2.07524E-03 2.05944E-03 2.05867E-03 2.06154E-03 2.06381E-03 2.08342E-03
3.3500E-02 2.17365E-03 2.16726E-03 2.15975E-03 2.17085E-03 2.17770E-03 2.19497E-03
3.5500E-02 2.22355E-03 2.21147E-03 2.22074E-03 2.22589E-03 2.23050E-03 2.23822E-03
3.7600E-02 2.14931E-03 2.14457E-03 2.13654E-03 2.15348E-03 2.14657E-03 2.15308E-03
3.9800E-02 2.22596E-03 2.20882E-03 2.21813E-03 2.20791E-03 2.22268E-03 2.23115E-03
4.2200E-02 2.25398E-03 2.24176E-03 2.25716E-03 2.25422E-03 2.25542E-03 2.27792E-03
4.4700E-02 2.13528E-03 2.11057E-03 2.10054E-03 2.10936E-03 2.12598E-03 2.13564E-03
4.7300E-02 2.10624E-03 2.09711E-03 2.11310E-03 2.09652E-03 2.11293E-03 2.11277E-03
5.0100E-02 2.18320E-03 2.16359E-03 2.15987E-03 2.16566E-03 2.18349E-03 2.18705E-03
5.3100E-02 2.24540E-03 2.23998E-03 2.22709E-03 2.22962E-03 2.26348E-03 2.26450E-03
5.6200E-02 2.19303E-03 2.17692E-03 2.17808E-03 2.18504E-03 2.19976E-03 2.20641E-03
5.9600E-02 2.26281E-03 2.24860E-03 2.25319E-03 2.25053E-03 2.27493E-03 2.28470E-03
6.3100E-02 2.23606E-03 2.21226E-03 2.22875E-03 2.23342E-03 2.24339E-03 2.24336E-03
6.6800E-02 2.20412E-03 2.17831E-03 2.17945E-03 2.20328E-03 2.19782E-03 2.22299E-03
7.0800E-02 2.28621E-03 2.28430E-03 2.28372E-03 2.30523E-03 2.30693E-03 2.32760E-03
7.5000E-02 2.16417E-03 2.16933E-03 2.16854E-03 2.19351E-03 2.19580E-03 2.21498E-03
7.9400E-02 2.23454E-03 2.24306E-03 2.24636E-03 2.24415E-03 2.26526E-03 2.29461E-03
8.4100E-02 2.20719E-03 2.21184E-03 2.21270E-03 2.23685E-03 2.22319E-03 2.25543E-03
8.9100E-02 2.25026E-03 2.26517E-03 2.27028E-03 2.27245E-03 2.28178E-03 2.30268E-03
9.4400E-02 2.22772E-03 2.21868E-03 2.23516E-03 2.22729E-03 2.26669E-03 2.26739E-03
1.0000E-01 2.23056E-03 2.22869E-03 2.25581E-03 2.24880E-03 2.25278E-03 2.29777E-03
1.0600E-01 2.26188E-03 2.26035E-03 2.27475E-03 2.27257E-03 2.29179E-03 2.30122E-03
1.1200E-01 2.11988E-03 2.12263E-03 2.14970E-03 2.13742E-03 2.14597E-03 2.17855E-03
1.1900E-01 2.33430E-03 2.32788E-03 2.33265E-03 2.34194E-03 2.36090E-03 2.37237E-03
1.2600E-01 2.19769E-03 2.19387E-03 2.20814E-03 2.20690E-03 2.21770E-03 2.23867E-03
1.3300E-01 2.05325E-03 2.07452E-03 2.09154E-03 2.09217E-03 2.09659E-03 2.10983E-03
1.4100E-01 2.24023E-03 2.24342E-03 2.24900E-03 2.26482E-03 2.27469E-03 2.28750E-03
1.5000E-01 2.35150E-03 2.35303E-03 2.36187E-03 2.36888E-03 2.39604E-03 2.41661E-03
1.5800E-01 1.96314E-03 1.96708E-03 1.96629E-03 1.99166E-03 2.00780E-03 2.00565E-03
1.6800E-01 2.31758E-03 2.31724E-03 2.32419E-03 2.35402E-03 2.35351E-03 2.38095E-03
1.7800E-01 2.19321E-03 2.18162E-03 2.19368E-03 2.18849E-03 2.20992E-03 2.23816E-03
1.8800E-01 2.05574E-03 2.06878E-03 2.06712E-03 2.06727E-03 2.07563E-03 2.09273E-03
2.0000E-01 2.35169E-03 2.34273E-03 2.34346E-03 2.36925E-03 2.36082E-03 2.37507E-03
2.1100E-01 2.04160E-03 2.04374E-03 2.05507E-03 2.05848E-03 2.06766E-03 2.07193E-03
2.2400E-01 2.28404E-03 2.29272E-03 2.30347E-03 2.29481E-03 2.31247E-03 2.31672E-03
2.3700E-01 2.15297E-03 2.14979E-03 2.15292E-03 2.17283E-03 2.17040E-03 2.18910E-03
2.5100E-01 2.17894E-03 2.18189E-03 2.17770E-03 2.19888E-03 2.21612E-03 2.22242E-03
2.6600E-01 2.23723E-03 2.24238E-03 2.24156E-03 2.24478E-03 2.26278E-03 2.26816E-03
2.8200E-01 2.24571E-03 2.25946E-03 2.26485E-03 2.26828E-03 2.28742E-03 2.29449E-03
2.9900E-01 2.23262E-03 2.22241E-03 2.22869E-03 2.23731E-03 2.24835E-03 2.25903E-03
3.1600E-01 2.09546E-03 2.10433E-03 2.11387E-03 2.11021E-03 2.11836E-03 2.12973E-03
3.3500E-01 2.27913E-03 2.26849E-03 2.27538E-03 2.28350E-03 2.28928E-03 2.30060E-03
3.5500E-01 2.08189E-03 2.10031E-03 2.10241E-03 2.11395E-03 2.11452E-03 2.13416E-03
3.7600E-01 1.72221E-03 1.72173E-03 1.72922E-03 1.72495E-03 1.72589E-03 1.73866E-03
3.9800E-01 1.55208E-03 1.55211E-03 1.55363E-03 1.56793E-03 1.57255E-03 1.58535E-03
4.2200E-01 1.43846E-03 1.45058E-03 1.44675E-03 1.45371E-03 1.46533E-03 1.46766E-03
4.4700E-01 1.12618E-03 1.12137E-03 1.11852E-03 1.13249E-03 1.12464E-03 1.13736E-03
4.7300E-01 1.48298E-03 1.48733E-03 1.48282E-03 1.48659E-03 1.49566E-03 1.50158E-03
5.0100E-01 1.91902E-03 1.92111E-03 1.90879E-03 1.91390E-03 1.92323E-03 1.93052E-03
5.3100E-01 2.11162E-03 2.09925E-03 2.09774E-03 2.10115E-03 2.10793E-03 2.10538E-03
5.6200E-01 2.12085E-03 2.10224E-03 2.09775E-03 2.09483E-03 2.08614E-03 2.10731E-03
5.9600E-01 2.21573E-03 2.22071E-03 2.21779E-03 2.21540E-03 2.21690E-03 2.24433E-03
6.3100E-01 2.23864E-03 2.20823E-03 2.19918E-03 2.20102E-03 2.20689E-03 2.21585E-03
6.6800E-01 2.26811E-03 2.25308E-03 2.25875E-03 2.23965E-03 2.23687E-03 2.26347E-03
7.0800E-01 2.35301E-03 2.33144E-03 2.33018E-03 2.32649E-03 2.29494E-03 2.32567E-03
7.5000E-01 2.41984E-03 2.39000E-03 2.39081E-03 2.36996E-03 2.36684E-03 2.38556E-03
7.9400E-01 2.58306E-03 2.54352E-03 2.54912E-03 2.54302E-03 2.53093E-03 2.52669E-03
8.4100E-01 2.53380E-03 2.51674E-03 2.52137E-03 2.49627E-03 2.48773E-03 2.48978E-03
8.9100E-01 2.13711E-03 2.11118E-03 2.11029E-03 2.08942E-03 2.08347E-03 2.09036E-03
9.4400E-01 1.84453E-03 1.82998E-03 1.82092E-03 1.80457E-03 1.78912E-03 1.79760E-03
1.0000E+00 1.49194E-03 1.48170E-03 1.48635E-03 1.47343E-03 1.47157E-03 1.47601E-03
1.0600E+00 1.45638E-03 1.44751E-03 1.44650E-03 1.43036E-03 1.42965E-03 1.42499E-03
1.1200E+00 1.64018E-03 1.63029E-03 1.63441E-03 1.62007E-03 1.62254E-03 1.61969E-03
1.1900E+00 2.08527E-03 2.05906E-03 2.06278E-03 2.04754E-03 2.02857E-03 2.02003E-03
1.2600E+00 2.09518E-03 2.07199E-03 2.07104E-03 2.07062E-03 2.03961E-03 2.04243E-03
1.3300E+00 1.65061E-03 1.63859E-03 1.62798E-03 1.62580E-03 1.62661E-03 1.61735E-03
1.4100E+00 1.97622E-03 1.97477E-03 1.97515E-03 1.96924E-03 1.95947E-03 1.95872E-03
1.5000E+00 2.23557E-03 2.22624E-03 2.22058E-03 2.23038E-03 2.21873E-03 2.22785E-03
1.5800E+00 1.79382E-03 1.80090E-03 1.79833E-03 1.80902E-03 1.81005E-03 1.79571E-03
1.6800E+00 2.05263E-03 2.04195E-03 2.05242E-03 2.04349E-03 2.06170E-03 2.06421E-03
1.7800E+00 2.06493E-03 2.05464E-03 2.06140E-03 2.07330E-03 2.05584E-03 2.06816E-03
1.8800E+00 1.85108E-03 1.85187E-03 1.86772E-03 1.84571E-03 1.87324E-03 1.88290E-03
2.0000E+00 1.92135E-03 1.91909E-03 1.93132E-03 1.93543E-03 1.92574E-03 1.93944E-03
2.1100E+00 1.78020E-03 1.78132E-03 1.78828E-03 1.78709E-03 1.79476E-03 1.79224E-03
2.2400E+00 2.06208E-03 2.06606E-03 2.07697E-03 2.07606E-03 2.06868E-03 2.08906E-03
2.3700E+00 2.26163E-03 2.24997E-03 2.23712E-03 2.25063E-03 2.23357E-03 2.26595E-03
2.5100E+00 2.20461E-03 2.17511E-03 2.17770E-03 2.17902E-03 2.19011E-03 2.18271E-03
2.6600E+00 2.13714E-03 2.14688E-03 2.15620E-03 2.15352E-03 2.14993E-03 2.15964E-03
2.8200E+00 2.02856E-03 2.02373E-03 2.02633E-03 2.01709E-03 2.03784E-03 2.03500E-03
2.9900E+00 1.85774E-03 1.84655E-03 1.84630E-03 1.84352E-03 1.83162E-03 1.85364E-03
3.1600E+00 1.73134E-03 1.71656E-03 1.74014E-03 1.70810E-03 1.73046E-03 1.73194E-03
3.3500E+00 1.49429E-03 1.49809E-03 1.49585E-03 1.49791E-03 1.50720E-03 1.50305E-03
3.5500E+00 1.26552E-03 1.25988E-03 1.27010E-03 1.28046E-03 1.26676E-03 1.27486E-03
3.7600E+00 1.12858E-03 1.12575E-03 1.11718E-03 1.12559E-03 1.12636E-03 1.13727E-03
3.9800E+00 1.06613E-03 1.06688E-03 1.07597E-03 1.07411E-03 1.07182E-03 1.07114E-03
4.2200E+00 1.14813E-03 1.15087E-03 1.14476E-03 1.15515E-03 1.15177E-03 1.16087E-03
4.4700E+00 9.35264E-04 9.34327E-04 9.41646E-04 9.39704E-04 9.30253E-04 9.46464E-04
4.7300E+00 8.66895E-04 8.73412E-04 8.83457E-04 8.78088E-04 8.72411E-04 8.85200E-04
5.0100E+00 8.18205E-04 8.19950E-04 8.29102E-04 8.21653E-04 8.28236E-04 8.30762E-04
5.3100E+00 6.78109E-04 6.71465E-04 6.80175E-04 6.87424E-04 6.86306E-04 6.90452E-04
5.6200E+00 5.79401E-04 5.86156E-04 5.87653E-04 5.80278E-04 5.86122E-04 6.03407E-04
5.9600E+00 4.77010E-04 4.82378E-04 4.83885E-04 4.93912E-04 4.92090E-04 4.98585E-04
6.3100E+00 4.16857E-04 4.11919E-04 4.11523E-04 4.26217E-04 4.21700E-04 4.16851E-04
6.6800E+00 3.38839E-04 3.39066E-04 3.44649E-04 3.40832E-04 3.42771E-04 3.45548E-04
7.0800E+00 2.71978E-04 2.70752E-04 2.65588E-04 2.74987E-04 2.77526E-04 2.75008E-04
7.5000E+00 1.98681E-04 1.98634E-04 1.98261E-04 2.01867E-04 2.03027E-04 1.99790E-04
7.9400E+00 1.46828E-04 1.52380E-04 1.52013E-04 1.51671E-04 1.53293E-04 1.58676E-04
8.4100E+00 1.15069E-04 1.19079E-04 1.17734E-04 1.17863E-04 1.21553E-04 1.20587E-04
8.9100E+00 8.61700E-05 8.54800E-05 8.17893E-05 8.49428E-05 8.69326E-05 8.80711E-05
9.4400E+00 6.27489E-05 6.44331E-05 6.54671E-05 6.45575E-05 6.58721E-05 6.65231E-05
1.0000E+01 4.62228E-05 4.43538E-05 4.82925E-05 4.37892E-05 4.48602E-05 4.43880E-05
1.0600E+01 3.15472E-05 3.15126E-05 3.09015E-05 3.33852E-05 3.19819E-05 3.34122E-05
1.1200E+01 1.93280E-05 2.03943E-05 2.01605E-05 2.00841E-05 1.94283E-05 2.07195E-05
1.1900E+01 1.40986E-05 1.36293E-05 1.40965E-05 1.40394E-05 1.41602E-05 1.46439E-05
1.2600E+01 9.24745E-06 8.60691E-06 8.19600E-06 8.00338E-06 7.64742E-06 8.95875E-06
1.3300E+01 4.51900E-06 4.71756E-06 4.77554E-06 4.81561E-06 5.57173E-06 5.73155E-06
1.4100E+01 3.39619E-06 2.88893E-06 2.58662E-06 3.15694E-06 3.13510E-06 3.25935E-06
1.5000E+01 1.71605E-06 1.81281E-06 2.25261E-06 1.57547E-06 1.42288E-06 1.78258E-06
1.5800E+01 7.85244E-07 9.07024E-07 9.73629E-07 7.46957E-07 4.31841E-07 1.27436E-06
1.6800E+01 8.67389E-07 5.72341E-07 1.02317E-06 5.81271E-07 5.47263E-07 4.19058E-07
1.7800E+01 9.08568E-08 2.03638E-07 5.31050E-08 3.18331E-07 7.72028E-08 1.77336E-07
1.8800E+01 4.33176E-08 2.04381E-07 6.97396E-08 1.59387E-08 2.02568E-07 1.30328E-07
2.0000E+01 2.15394E-07 4.68804E-08 2.28159E-09 0.00000E+00 1.50479E-07 3.56055E-08